656790142066274304	36.778261	-119.4179324	3043_1454
656225090456145921	36.778261	-119.4179324	3043_1454
656105456016818176	35.1321877	-118.4489739	3003_1477
656184755117907968	36.778261	-119.4179324	3043_1454
656194926573580289	36.778261	-119.4179324	3043_1454
656187102808272896	35.4937274	-118.8596804	3012_1467
656247230505074688	36.778261	-119.4179324	3043_1454
655943374176825345	36.778261	-119.4179324	3043_1454
655954999680352256	34.9592083	-116.419389	2999_1526
655945612530200576	36.778261	-119.4179324	3043_1454
655958181026263040	36.778261	-119.4179324	3043_1454
655964647196073984	34.9592083	-116.419389	2999_1526
655957761147187200	36.778261	-119.4179324	3043_1454
656160320260456448	36.778261	-119.4179324	3043_1454
656160221006462976	36.778261	-119.4179324	3043_1454
656156708314550272	35.1321877	-118.4489739	3003_1477
656156665096482816	35.4937274	-118.8596804	3012_1467
656159208866377728	36.778261	-119.4179324	3043_1454
656154606787948544	36.778261	-119.4179324	3043_1454
656155626469371904	36.778261	-119.4179324	3043_1454
656164202919383040	35.663505	-82.013721	3016_2352
656156183976259584	36.778261	-119.4179324	3043_1454
656163097430790144	36.778261	-119.4179324	3043_1454
656162667644628993	36.778261	-119.4179324	3043_1454
656161915945664513	36.778261	-119.4179324	3043_1454
656167719197241344	36.778261	-119.4179324	3043_1454
656156391623667712	36.778261	-119.4179324	3043_1454
656154019128193024	36.778261	-119.4179324	3043_1454
656071396670484480	34.9592083	-116.419389	2999_1526
656127469016125440	35.3102296	-120.4357631	3007_1430
656013288581414912	36.778261	-119.4179324	3043_1454
656009419231272960	36.778261	-119.4179324	3043_1454
655911375206764544	36.778261	-119.4179324	3043_1454
655921292307132416	36.778261	-119.4179324	3043_1454
655921291531153408	34.0522342	-118.2436849	2977_1482
656170712202285060	36.778261	-119.4179324	3043_1454
655971678384730114	36.778261	-119.4179324	3043_1454
655931092331970560	36.778261	-119.4179324	3043_1454
655940005743865856	36.778261	-119.4179324	3043_1454
655940243829293056	36.778261	-119.4179324	3043_1454
655926401950875648	36.778261	-119.4179324	3043_1454
655938588673110016	36.778261	-119.4179324	3043_1454
655938580133511173	36.778261	-119.4179324	3043_1454
655938560898437120	36.778261	-119.4179324	3043_1454
655929013563559937	36.1699412	-115.1398296	3028_1557
656229031482753025	36.778261	-119.4179324	3043_1454
655898419118997504	35.1321877	-118.4489739	3003_1477
655996320516149249	36.778261	-119.4179324	3043_1454
655987152711458816	34.9592083	-116.419389	2999_1526
656149631500468224	36.778261	-119.4179324	3043_1454
656145325275480064	36.778261	-119.4179324	3043_1454
656146926396710912	36.778261	-119.4179324	3043_1454
656152469701988353	36.778261	-119.4179324	3043_1454
656152373606223872	36.778261	-119.4179324	3043_1454
656150109462405120	36.778261	-119.4179324	3043_1454
656148702122389504	36.778261	-119.4179324	3043_1454
656417777574539264	36.778261	-119.4179324	3043_1454
656391438985510912	36.778261	-119.4179324	3043_1454
656560578056556544	36.778261	-119.4179324	3043_1454
656274684908929024	34.0522342	-118.2436849	2977_1482
656260095253155841	36.778261	-119.4179324	3043_1454
656260069525356544	36.778261	-119.4179324	3043_1454
657538690022027264	36.778261	-119.4179324	3043_1454
650750334512570368	36.778261	-119.4179324	3043_1454
655490833014099969	36.1699412	-115.1398296	3028_1557
655464138681032704	36.778261	-119.4179324	3043_1454
655465814179586048	34.9592083	-116.419389	2999_1526
655474380714065920	36.778261	-119.4179324	3043_1454
655522456057196546	36.1699412	-115.1398296	3028_1557
655225766398009345	36.778261	-119.4179324	3043_1454
655367456484171776	34.0522342	-118.2436849	2977_1482
655238940035694592	34.9592083	-116.419389	2999_1526
655237183217885184	34.0522342	-118.2436849	2977_1482
655232298657296385	34.9592083	-116.419389	2999_1526
655391357603713025	36.778261	-119.4179324	3043_1454
655402175494029312	36.778261	-119.4179324	3043_1454
655208670385590272	36.778261	-119.4179324	3043_1454
655210991651717120	34.3988838	-119.5184564	2986_1452
655203923918237697	34.0522342	-118.2436849	2977_1482
655322324858773504	36.778261	-119.4179324	3043_1454
655181440401862656	36.778261	-119.4179324	3043_1454
655181218799988736	36.778261	-119.4179324	3043_1454
655172611698110464	34.0522342	-118.2436849	2977_1482
655271266316775424	34.9592083	-116.419389	2999_1526
655416943265107968	36.778261	-119.4179324	3043_1454
655427621170212864	36.778261	-119.4179324	3043_1454
658005374944022529	36.778261	-119.4179324	3043_1454
655859446036344832	36.778261	-119.4179324	3043_1454
655865142500986880	35.4937274	-118.8596804	3012_1467
655852687980933121	36.778261	-119.4179324	3043_1454
655850861709541376	36.778261	-119.4179324	3043_1454
655853753967357952	36.778261	-119.4179324	3043_1454
655853663647195136	36.778261	-119.4179324	3043_1454
655865938386944000	36.778261	-119.4179324	3043_1454
655863462975770624	36.778261	-119.4179324	3043_1454
655852061502783488	36.778261	-119.4179324	3043_1454
655852022403497984	36.778261	-119.4179324	3043_1454
655730068560478208	34.9592083	-116.419389	2999_1526
655738214641246209	36.1699412	-115.1398296	3028_1557
655827303323140096	35.663505	-82.013721	3016_2352
655827271811362816	36.778261	-119.4179324	3043_1454
655827212914978816	35.663505	-82.013721	3016_2352
655827980288069632	36.778261	-119.4179324	3043_1454
655825437562654720	36.778261	-119.4179324	3043_1454
655825263649918976	36.778261	-119.4179324	3043_1454
655826196576382976	36.778261	-119.4179324	3043_1454
655826193149595648	36.778261	-119.4179324	3043_1454
655826180608806912	35.663505	-82.013721	3016_2352
655822593480527872	35.4937274	-118.8596804	3012_1467
655826615675432960	36.778261	-119.4179324	3043_1454
655832813787176964	36.778261	-119.4179324	3043_1454
655821099125612544	35.4937274	-118.8596804	3012_1467
655820962156285956	35.4937274	-118.8596804	3012_1467
655828376918339586	35.4937274	-118.8596804	3012_1467
655830470928666624	36.778261	-119.4179324	3043_1454
655830468953161728	35.0740263	-118.4907149	3002_1476
655829721226334208	36.778261	-119.4179324	3043_1454
655835631931772928	35.663505	-82.013721	3016_2352
655835411369955328	36.778261	-119.4179324	3043_1454
655825900412342273	36.778261	-119.4179324	3043_1454
655833043706380288	36.778261	-119.4179324	3043_1454
655831905057697792	36.778261	-119.4179324	3043_1454
655831752703803392	36.778261	-119.4179324	3043_1454
655828579251560448	35.663505	-82.013721	3016_2352
655828502407684097	36.778261	-119.4179324	3043_1454
655821778539839488	36.778261	-119.4179324	3043_1454
655823015033311233	36.778261	-119.4179324	3043_1454
655836596982448128	36.778261	-119.4179324	3043_1454
655837944545054720	36.778261	-119.4179324	3043_1454
655841419102437376	36.778261	-119.4179324	3043_1454
655846322898116608	35.4937274	-118.8596804	3012_1467
655841529563582464	36.778261	-119.4179324	3043_1454
655846005284470785	35.663505	-82.013721	3016_2352
655842676198146048	35.4937274	-118.8596804	3012_1467
655842566626131968	36.778261	-119.4179324	3043_1454
655848887320625152	36.778261	-119.4179324	3043_1454
655846773097783296	36.778261	-119.4179324	3043_1454
655889244163067904	36.778261	-119.4179324	3043_1454
655881311589003264	34.9592083	-116.419389	2999_1526
655881300935626752	37.09024	-95.712891	3050_2023
655888617647284224	34.9592083	-116.419389	2999_1526
655895673896869889	34.9592083	-116.419389	2999_1526
655599392225783808	36.778261	-119.4179324	3043_1454
655757655580004352	36.778261	-119.4179324	3043_1454
655713851825115136	36.778261	-119.4179324	3043_1454
655555061821612032	36.778261	-119.4179324	3043_1454
655550123770966016	36.778261	-119.4179324	3043_1454
655812656830484480	35.663505	-82.013721	3016_2352
655812600937226242	36.778261	-119.4179324	3043_1454
655819692397821952	35.4937274	-118.8596804	3012_1467
655817409291423744	36.778261	-119.4179324	3043_1454
655813809874051074	36.778261	-119.4179324	3043_1454
655813749941518336	36.778261	-119.4179324	3043_1454
655813718681456641	34.9592083	-116.419389	2999_1526
655815874843136000	35.663505	-82.013721	3016_2352
655816881710891008	36.778261	-119.4179324	3043_1454
655815767846326272	36.778261	-119.4179324	3043_1454
655815391151824896	36.778261	-119.4179324	3043_1454
655812444619714560	35.663505	-82.013721	3016_2352
655818120561475584	36.778261	-119.4179324	3043_1454
655818797702471680	36.778261	-119.4179324	3043_1454
655566894477344768	36.778261	-119.4179324	3043_1454
655875750625607680	32.7947731	-116.9625269	2947_1513
655866224266596360	36.778261	-119.4179324	3043_1454
655137862967496705	36.778261	-119.4179324	3043_1454
655137812740775936	34.522538	-117.1618146	2989_1508
655126079238045696	34.522538	-117.1618146	2989_1508
655133847726657536	36.778261	-119.4179324	3043_1454
655133891011870720	36.778261	-119.4179324	3043_1454
655106641717649408	36.778261	-119.4179324	3043_1454
655110920138461185	34.0522342	-118.2436849	2977_1482
655114770840813568	34.0522342	-118.2436849	2977_1482
655113025444163584	35.0524699	-118.1739645	3001_1484
655125553415090176	34.0522342	-118.2436849	2977_1482
655118652446916608	36.778261	-119.4179324	3043_1454
655120984962285568	34.0522342	-118.2436849	2977_1482
655125595886501888	34.0522342	-118.2436849	2977_1482
655123958304378880	34.0522342	-118.2436849	2977_1482
655164081079382016	36.778261	-119.4179324	3043_1454
654998284147097604	36.778261	-119.4179324	3043_1454
654999450016837632	36.778261	-119.4179324	3043_1454
654999398800224257	36.778261	-119.4179324	3043_1454
655074129020854272	34.6773324	-118.4525466	2992_1477
655071462047416320	35.663505	-82.013721	3016_2352
655046958923407361	36.778261	-119.4179324	3043_1454
655050024619933696	34.0522342	-118.2436849	2977_1482
654838765576454144	36.778261	-119.4179324	3043_1454
655083855548780544	35.3732921	-119.0187125	3009_1464
655093593850298368	35.0524699	-118.1739645	3001_1484
655150956867428352	34.9592083	-116.419389	2999_1526
655149274720772096	19.85627	102.495496	2637_6780
655065209787121664	35.4166495	-115.5841649	3010_1546
656779032751566848	28.4089123	77.3177894	2842_6176
656826178158874624	43.16103	-77.6109219	3196_2457
656926064246001664	35.3732921	-119.0187125	3009_1464
656934429479313408	43.16103	-77.6109219	3196_2457
656679208962363392	40.0044266	-74.8016133	3120_2525
656815801387896833	42.2625932	-71.8022934	3174_2597
656891128583553024	40.5378654	-75.3659744	3133_2511
656844266631733248	24.9028849	67.1975792	2758_5933
656801866790121472	41.2799027	-72.8141185	3151_2572
656899823010902017	34.0162408	-95.52133	2976_2027
656654040793616384	44.850452	-89.8505012	3236_2164
656955836141580288	41.117744	-73.4081575	3147_2558
656633840975368196	48.4284207	-123.3656444	3322_1359
656864629566472193	34.3434746	-86.4159558	2984_2246
652959223672737792	41.9675453	-80.4057038	3167_2390
652963488126627840	56.002087	-2.516737	3504_4260
652760842266525696	-29.707403	151.7437537	1447_7962
652933481459089408	40.1672068	-105.1019275	3124_1798
652988221417226240	45.9751211	-122.8660674	3263_1371
652828873659404288	44.2501251	-69.8508801	3222_2644
652698959077576709	45.0222946	-84.9673977	3241_2281
652698148532551680	44.329496	-74.1312662	3224_2541
652899666238042112	29.2091168	-98.7775428	2861_1949
652721292496515072	None	None	None
652723096592388096	38.9071923	-77.0368707	3094_2471
652879280511299584	32.0306389	35.9246152	2929_5182
652887672990531585	36.188987	-95.745817	3029_2022
652066489378340864	43.7695604	11.2558136	3210_4590
652063710207455233	35.7220364	-78.6369423	3017_2433
652061213111791616	43.7695604	11.2558136	3210_4590
652044772455006208	-32.0265165	116.0034089	1391_7104
652035565802659841	-1.2920659	36.8219462	2129_5204
652042759671443456	44.027727	4.934659	3217_4438
652043567343489024	37.09024	-95.712891	3050_2023
652207573333078016	46.9863443	-94.2113636	3288_2059
652207517678878720	40.7298207	-73.2103934	3138_2563
652221599756648448	45.4533277	-120.7792274	3251_1421
652221780187287552	39.768403	-86.158068	3114_2252
652213179997650944	-29.8159549	115.2649897	1444_7086
652126727448186880	42.4792618	-71.1522765	3180_2612
652081081777278977	52.1332144	-106.6700458	3411_1760
652184684424732676	52.240477	-0.902656	3414_4298
652187282854703104	29.2435916	-81.0375555	2862_2375
652190087426523137	33.6293606	-79.6502105	2967_2408
651988912978677764	41.1450617	-78.8044748	3147_2429
652059887602696192	35.8581641	-101.95537	3021_1873
652057648276357120	-29.8345022	30.8384093	1444_5060
652059368813293568	43.8605421	-91.2555604	3213_2130
652060375148396545	-32.0265165	116.0034089	1391_7104
652049900461428736	35.8581641	-101.95537	3021_1873
652051819124756480	-31.8599324	115.8096556	1395_7099
652248683476594688	39.3201074	-76.5155191	3104_2484
652244946074767360	31.911691	-86.4049985	2926_2246
652252227902439424	34.3569444	-117.8506179	2985_1492
652246334351634432	39.9354893	-88.9370441	3118_2186
651919598724366336	49.8096159	-116.0013602	3355_1536
651919903612506112	41.0082376	28.9783589	3144_5015
652006939891769344	-21.2598198	149.1436774	1650_7899
652157082485985280	39.1043669	-96.9316481	3099_1994
652166272096952321	40.4172871	-82.907123	3130_2330
653884139356078081	41.5158357	-84.0020982	3156_2304
653918969850519552	42.8605583	-79.7728803	3189_2405
653924638842486789	44.7893446	-93.6018389	3235_2074
653932891328638976	42.1417442	-71.2495096	3171_2610
654015306919215104	31.628871	65.7371749	2919_5898
654035498768269312	37.9386365	22.9322383	3071_4870
654073775365877760	-37.9958297	175.2034588	1248_8525
653793686531141632	-38.0594263	175.4375574	1247_8531
653983870195527681	45.1771983	-123.2395303	3244_1362
653991241512673280	37.9386365	22.9322383	3071_4870
653979708078583808	40.8167588	-75.7499126	3140_2502
653889889990086657	-23.3779152	150.5101026	1599_7932
653889888459190276	-23.3779152	150.5101026	1599_7932
653832224492515328	-23.3779152	150.5101026	1599_7932
653840675885187072	31.768319	35.21371	2922_5165
653744234281893888	-37.8675044	145.2306428	1251_7806
654001018565345280	-23.3779152	150.5101026	1599_7932
653995206912512000	39.9000639	-82.534048	3118_2339
653807377985093632	51.420073	-1.727062	3394_4279
653869790549774336	-23.3779152	150.5101026	1599_7932
653722166416945152	42.7295457	-90.6770138	3186_2144
653817236038250496	-23.3779152	150.5101026	1599_7932
653824449225973760	-23.3779152	150.5101026	1599_7932
653814656344023040	-23.3779152	150.5101026	1599_7932
653964523779543041	38.9716689	-95.2352501	3095_2034
656106045605982209	35.1321877	-118.4489739	3003_1477
656098512036237313	37.5407246	-77.4360481	3061_2462
656103650142515200	37.5407246	-77.4360481	3061_2462
656210958440792064	38.3644567	-98.7648073	3081_1950
656252292140814336	-37.9026094	145.0189024	1250_7800
656249284627558400	27.950575	-82.4571776	2831_2341
656082107467337728	35.5589221	-77.4242972	3013_2462
656080871099793408	27.9895956	-82.5503979	2832_2339
656167821995479044	33.854721	35.862285	2973_5181
656121210271432704	27.9895956	-82.5503979	2832_2339
656115723870208000	37.5407246	-77.4360481	3061_2462
656063081882230784	27.9895956	-82.5503979	2832_2339
656071086270980096	39.9478354	-76.7913558	3119_2477
656135955372314625	40.8690101	-74.2082286	3141_2539
656016592946368513	33.778175	76.5761714	2971_6158
656014439947345920	33.778175	76.5761714	2971_6158
656012834367799296	34.0836708	74.7972825	2978_6115
656176222406246400	36.9085566	-116.7592265	3046_1518
655929013563559937	36.1699412	-115.1398296	3028_1557
656037494849339393	34.0836708	74.7972825	2978_6115
656233646811037696	37.2577171	-120.9988154	3054_1416
655909684491235332	64.2008413	-149.4936733	3701_732
655907865828298752	44.027727	4.934659	3217_4438
656578209564241920	43.16103	-77.6109219	3196_2457
656588858931326976	41.6908638	-70.1702022	3161_2636
656424296013656064	38.6446264	-121.2721718	3087_1409
656412260244549632	29.7135008	-98.6271801	2873_1953
656551173286174720	38.8026097	-116.419389	3091_1526
656550674985975808	None	None	None
656317202606350336	37.8043637	-122.2711137	3067_1385
656311639612911616	37.8043637	-122.2711137	3067_1385
656325122295402496	42.8949969	-123.2385298	3189_1362
656528237606993921	37.09024	-95.712891	3050_2023
656475918194446336	42.974536	-82.4065901	3191_2342
656480131221843968	45.4383842	10.9916215	3251_4584
656486058159288320	55.755826	37.6173	3498_5223
656283776318705664	38.069211	-117.2305861	3074_1506
656537679732043776	21.3069444	-157.8583333	2671_531
656534232718811142	41.1616938	-96.0277032	3148_2015
656342278563213312	36.4718646	-6.1965948	3035_4171
656346143731810304	34.0836708	74.7972825	2978_6115
656298881668378624	27.9280775	-82.5864862	2830_2338
656294256332554240	37.8043637	-122.2711137	3067_1385
656289944004988928	39.6620397	-75.5668166	3112_2506
656289910312275968	39.6554882	-75.6254176	3112_2505
656591096324030464	39.6990779	-75.7398769	3113_2502
656598592811958272	45.441347	-73.6885847	3251_2551
656357928270606336	34.1428802	77.5466421	2979_6181
656358476906668032	-32.7620986	151.7431641	1374_7962
657508907166867456	35.2270869	-80.8431267	3005_2380
657553605843623937	43.16103	-77.6109219	3196_2457
657545354859126785	31.9685988	-99.9018131	2927_1922
657640658161631232	51.0486151	-114.0708459	3385_1582
657635490699472896	35.4726626	-77.4155203	3011_2462
657633650117242880	53.9332706	-116.5765035	3454_1522
657661629690171393	30.3451194	-81.6866423	2888_2360
657655736894377984	46.9863443	-94.2113636	3288_2059
657662682040942592	51.0486151	-114.0708459	3385_1582
657652835891453953	43.16103	-77.6109219	3196_2457
657533442628829184	40.6331249	-89.3985283	3135_2174
657535214135222272	43.16103	-77.6109219	3196_2457
657539029743874048	50.6320809	-96.9886746	3375_1992
657528068240707584	50.6320809	-96.9886746	3375_1992
657610955359178752	50.6765413	-113.8794464	3376_1587
657607323985321984	50.7254936	-113.9749472	3377_1585
657606590657236992	5.4638158	10.8000051	2291_4579
657611881297899520	50.6765413	-113.8794464	3376_1587
657517800085303296	31.046051	34.851612	2905_5156
657512347372687360	41.4141116	-73.3035656	3154_2561
657525043379855360	-35.3717231	149.196921	1311_7901
657465021350416384	-32.2968402	26.419389	1385_4954
657485427138400258	41.4141116	-73.3035656	3154_2561
657483003799564288	37.09024	-95.712891	3050_2023
657683431564795905	36.778261	-119.4179324	3043_1454
657687837958017024	38.466681	-102.2921309	3083_1865
657595255529705473	47.8948529	-98.8412973	3309_1948
650424452182765569	50.3562516	15.9096502	3369_4702
650253299984297988	42.51954	-70.8967155	3180_2618
650252902058082304	31.8980428	35.2042714	2926_5165
650255091698524160	23.12911	113.264385	2715_7038
650220896737734656	43.897422	-78.9497568	3214_2425
650308228719472640	30.5788055	-97.8530686	2894_1972
650295257263902720	37.9779776	-122.0310733	3071_1391
650398598862008320	36.0103561	-84.2696449	3024_2298
650396313347952640	43.7465124	-122.4617159	3210_1381
650394075225530368	45.8371591	-78.3791239	3260_2439
650402113013596160	45.8371591	-78.3791239	3260_2439
650405918954360832	40.7282239	-73.7948516	3137_2549
650147878812393472	54.486335	-0.613347	3468_4305
650153322540756992	38.3313849	-88.9118908	3080_2186
650282912559071232	43.2931943	-70.9832462	3199_2616
650281346481430528	30.1896756	-82.6392899	2885_2337
650170624694882304	35.2194549	-75.6903492	3005_2503
650314049058684928	36.8507689	-76.2858726	3044_2489
650319111248060416	35.1146152	-75.9810097	3003_2496
650312104344481792	None	None	None
650323940469047296	36.0966897	-115.0407412	3026_1559
650264933548986368	54.061971	-124.552796	3457_1331
650268824516755457	42.51954	-70.8967155	3180_2618
650277091674615809	40.7282239	-73.7948516	3137_2549
650118705070764032	-41.698801	147.9145089	1159_7870
650122629773324288	35.2194549	-75.6903492	3005_2503
650123590864666624	35.1146152	-75.9810097	3003_2496
650123166266822656	33.9196567	-78.9288242	2974_2426
650118531321761792	-41.698801	147.9145089	1159_7870
650123083722944512	33.9196567	-78.9288242	2974_2426
650120062754537472	-41.698801	147.9145089	1159_7870
650122436382445568	35.5186678	-97.6322639	3012_1977
650124035913818116	34.0275398	-78.2020387	2977_2443
650139037563514880	38.254747	-77.6689563	3078_2456
650241346389864448	54.486335	-0.613347	3468_4305
650099487982010368	39.9611755	-82.9987942	3119_2328
650109407016058880	37.09024	-95.712891	3050_2023
650107774039408640	35.1146152	-75.9810097	3003_2496
650344866510188544	19.7174085	-155.1139469	2633_597
650340800077783040	40.7282239	-73.7948516	3137_2549
650352385328463872	19.7174085	-155.1139469	2633_597
660537713737621504	41.6242118	-112.5484943	3159_1619
660538549712875525	36.3898068	-95.6457951	3033_2025
660555108481011712	38.1915856	-120.8291033	3077_1420
660554363006423040	-23.5524673	145.2885214	1595_7807
660296411066445824	32.7766642	-96.7969879	2947_1997
660303941008166912	-20.9175738	142.7027956	1658_7745
660300414315724800	51.4253851	-116.1773193	3394_1532
660354585068990464	51.5117949	-0.061198	3396_4319
660268758968066048	36.778261	-119.4179324	3043_1454
660518389677338624	-36.8484597	174.7633315	1276_8514
660328282156462080	3.9505128	13.914399	2255_4654
660279782739992577	-28.1804631	151.6380578	1484_7959
660591203801403392	41.5053011	-81.9723257	3156_2353
660581102109589504	-23.5524673	145.2885214	1595_7807
660258363654078464	37.9004816	-122.6444263	3070_1377
660252884177522689	40.2878502	-83.1623273	3127_2324
660335996811259904	44.0247062	-88.5426136	3217_2195
660486963888164864	47.8600971	-122.2042966	3309_1387
653517884535148544	32.7995738	-97.2691817	2947_1986
653518222017343488	33.4982289	67.7615983	2964_5946
653568473986170880	37.09024	-95.712891	3050_2023
653650254231904256	34.6100243	-112.315721	2991_1624
653649983355285504	33.1958696	-117.3794834	2957_1503
653654210102226944	29.3013479	-94.7976958	2863_2045
653672814134693888	42.3736158	-71.1097335	3177_2613
653671527930535936	45.8371591	-78.3791239	3260_2439
653676341527748611	47.9451077	-96.1611004	3311_2012
653712126154948608	44.8596197	-115.8995661	3237_1538
653413209957777408	-29.707403	151.7437537	1447_7962
653552854385430528	40.1690311	-112.9884296	3124_1608
653627784561065984	-41.698801	147.9145089	1159_7870
653621600923684864	43.2210902	-79.0177264	3197_2424
653630886223740929	31.768319	35.21371	2922_5165
653584032735850496	32.3182314	-86.902298	2936_2234
653532875980075008	38.984652	-77.0947092	3096_2470
653537523566665730	56.003212	-3.887711	3504_4227
653472319894069248	31.6186429	65.7546348	2919_5898
653474011251363840	32.813708	-97.2731591	2948_1985
653466226761564160	31.628871	65.7371749	2919_5898
653386306760871936	50.615009	-3.4525363	3375_4237
653636396176027648	31.768319	35.21371	2922_5165
653444121374277632	43.9653889	-70.8226541	3215_2620
653499672326184962	31.6186429	65.7546348	2919_5898
653700600765374465	33.5841784	-117.5225754	2966_1499
653706604815085568	21.4905533	-157.8523736	2676_532
653361255894380545	39.8615096	-105.7590521	3117_1782
653450729634422784	43.9653889	-70.8226541	3215_2620
653609094855548928	40.2891459	-123.64994	3127_1352
650787895356334080	43.1683624	-73.7109424	3196_2551
650783559377100801	36.4580039	-116.8708863	3035_1515
650671493500702720	33.4948103	-82.0343294	2964_2351
650671431651598336	33.9204354	-80.3414693	2974_2392
650756921427755008	43.0759678	-107.2902839	3194_1745
650767932046356480	18.3807819	-65.9573872	2601_2737
650765975696990209	-27.2800353	152.5086881	1505_7980
650816656441085952	44.027727	4.934659	3217_4438
650807625274249216	36.1699412	-115.1398296	3028_1557
650807888210849793	18.3807819	-65.9573872	2601_2737
650812869521506304	-32.0265165	116.0034089	1391_7104
650505906044579840	48.7824785	-96.0144482	3331_2016
650649463590010882	41.5381124	2.4447406	3157_4379
650525708108754944	43.8041334	-120.5542012	3211_1427
650530964855238656	34.151413	-79.7856203	2980_2405
650731161694572545	43.580418	7.125102	3206_4491
650719999326351364	34.1194381	-81.2059761	2979_2371
650729560548474880	33.8711871	-79.0719798	2973_2422
650718506720358400	42.4782526	-92.3814017	3179_2103
650680844844158976	32.7764749	-79.9310512	2947_2402
650635297894432768	30.6332618	-97.6779842	2895_1976
650626931227013120	30.6332618	-97.6779842	2895_1976
650698380897845248	33.9196567	-78.9288242	2974_2426
650696230599704580	37.9110371	-119.25793	3070_1458
650479703283793921	None	None	None
650736414074638336	49.8352352	-124.5247062	3356_1331
650732761154629632	41.6709834	-93.7130493	3160_2071
650544840615313408	32.0835407	-81.0998342	2930_2374
650504615910359040	51.9863815	1.1592533	3408_4348
650797003710967808	34.2801783	-81.6256701	2983_2361
650792665055907840	33.836081	-81.1637245	2972_2372
650798515971588096	38.0405837	-84.5037164	3073_2292
650792832471597057	32.7764749	-79.9310512	2947_2402
650466441175695360	33.670909	-78.9434612	2968_2425
650559878553952256	19.639994	-155.9969261	2631_576
650563657114456064	20.0230556	-155.6716667	2641_584
650707498400219136	46.8796822	-110.3625658	3285_1671
650713016045060096	33.6890603	-78.8866943	2969_2427
650715235679096833	37.4315734	-78.6568942	3058_2432
659654425800146944	34.82508	-84.763272	2996_2286
659717968830533632	38.9940572	-84.7315563	3096_2286
659722660281057280	53.7608608	-98.8138763	3450_1948
659879511002120192	52.056736	1.14822	3409_4348
659569256170782721	44.5746881	-96.9022836	3230_1994
659702086569881603	38.7044609	-93.2282613	3089_2083
659707425570750464	37.09024	-95.712891	3050_2023
659585537993412608	40.7359317	-73.0820556	3138_2566
659783378946777089	19.619305	-155.478945	2631_589
659791228993740801	49.1044302	-122.801094	3339_1373
659740202420727808	None	None	None
659734564663791616	44.6496868	-93.24272	3232_2082
659686131018022912	38.8375215	-120.8958242	3092_1419
659691978746040320	45.8587228	-123.1928926	3261_1363
659691291416989698	38.327691	-119.6368387	3080_1449
659754172921700353	43.8041334	-120.5542012	3211_1427
659544006423150592	44.5052295	-77.4726363	3228_2461
659792610668638208	19.5529437	-155.9351644	2629_578
659793104975695872	19.619305	-155.478945	2631_589
659565310262005760	-33.622297	150.2772841	1353_7927
659668817480691713	45.5016889	-73.567256	3252_2554
659864323192295424	30.5577373	-90.4224109	2893_2150
659521758177792000	-33.622297	150.2772841	1353_7927
659534301533487104	44.5052295	-77.4726363	3228_2461
659522125548486656	-33.8674869	151.2069902	1347_7949
659766692411666432	41.6366601	-87.4337552	3159_2222
655490833014099969	36.1699412	-115.1398296	3028_1557
655466133512851456	34.0522265	-118.2436596	2977_1482
655485324110397440	34.0522265	-118.2436596	2977_1482
655474380714065920	36.778261	-119.4179324	3043_1454
655522456057196546	36.1699412	-115.1398296	3028_1557
655521282155487232	43.16103	-77.6109219	3196_2457
655240623461535744	None	None	None
655233526007250944	42.8949969	-123.2385298	3189_1362
655243347372589056	41.5971285	-102.8519059	3158_1852
655240862553673728	42.8949969	-123.2385298	3189_1362
655239617231237120	None	None	None
655193833924268032	34.0682825	68.7542897	2978_5970
655248590974099456	36.778261	-119.4179324	3043_1454
655250265948352512	-35.7268382	147.311636	1303_7855
655179399386411008	35.9606384	-83.9207392	3023_2306
655184213063274496	36.778261	-119.4179324	3043_1454
655272989118742528	19.85627	102.495496	2637_6780
655413142726402048	43.467517	-79.6876659	3203_2407
655413341624627200	35.421794	-84.399531	3010_2294
654406028042203136	-26.1000583	28.0640119	1534_4994
654395465509670912	-37.7995361	145.6881606	1253_7817
654398944663859201	30.199388	-81.7874614	2885_2357
654399076713263104	37.5482697	-121.9885719	3061_1392
654137906202734592	-38.1368478	176.2497461	1245_8550
654148632900452352	-26.3223942	28.1239717	1528_4995
654309874571022336	-26.1075663	28.0567007	1533_4993
654299376903393280	-26.1000583	28.0640119	1534_4994
654260028917055489	41.0025975	-74.0404175	3144_2543
654325788855173120	-26.2707593	28.1122679	1530_4995
654314300593569792	33.680102	-112.385783	2968_1623
654369789666848772	-26.1075663	28.0567007	1533_4993
654359561625726976	29.3557903	-98.8786387	2865_1947
654160827415724033	31.6186429	65.7546348	2919_5898
654116330434654208	46.1383476	-68.0332537	3267_2687
654125939295694848	-38.1368478	176.2497461	1245_8550
654423205201899521	37.5482697	-121.9885719	3061_1392
654183618483458049	-22.8849869	118.1215555	1611_7155
654189433382637568	50.844949	-1.788817	3380_4277
654331632346865665	33.6680772	-117.3272615	2968_1504
658390946590142464	33.778175	76.5761714	2971_6158
658221787944218624	38.592691	-90.406318	3086_2150
658197734504050688	33.778175	76.5761714	2971_6158
658197613099880448	33.778175	76.5761714	2971_6158
658199128145424384	33.778175	76.5761714	2971_6158
658266818226733056	43.16103	-77.6109219	3196_2457
658267270716772353	33.1966733	-82.3253262	2957_2344
658276292413030400	51.463024	0.360498	3395_4329
658367241487011841	18.012322	-76.8933577	2592_2475
658117788381216768	-34.6070425	143.2891812	1329_7759
658144668430041088	44.6410132	-70.152575	3231_2636
658132678214987778	-37.9958297	175.2034588	1248_8525
658327365479612416	34.0836708	74.7972825	2978_6115
658303492910510081	61.3430206	23.2902942	3632_4879
658095364898091008	38.8303905	-77.1963703	3092_2467
658097670825840640	47.4703767	-122.3467918	3299_1384
658347530938245120	36.6177374	-121.9166215	3039_1394
658351623601823745	44.7108202	-63.2232927	3233_2803
658154032083505153	38.8375215	-120.8958242	3092_1419
658111082666532864	29.4782878	-94.5799145	2867_2050
658106795785740289	29.3013479	-94.7976958	2863_2045
658406506245656576	44.027727	4.934659	3217_4438
658416147247865856	-19.9243097	147.843713	1682_7868
659290550550466560	4.773595	100.9420448	2275_6743
659360268439453696	40.2671941	-86.1349019	3126_2253
659364375954857984	32.0002152	-80.845666	2928_2380
659466285294710786	34.0522342	-118.2436849	2977_1482
659463760336306180	40.3278474	-80.2589488	3128_2394
659352666892541952	36.3707884	-86.7414918	3033_2238
659414617505054720	52.056736	1.14822	3409_4348
659417790147903488	-25.477204	31.1428719	1549_5067
659427020552695810	32.8406946	-83.6324022	2948_2313
659371475158347776	28.226476	-81.2955764	2837_2369
659245606309728256	43.0317059	-89.4970321	3193_2172
659162017517993984	38.8679769	-77.4075125	3093_2462
659256805386686468	43.0317059	-89.4970321	3193_2172
659252068712976384	43.0317059	-89.4970321	3193_2172
659406499173801984	-29.8039699	30.6314948	1445_5055
658040232181301248	31.9685988	-99.9018131	2927_1922
658029215229480961	21.4278807	-158.1790012	2674_524
657904434207297537	43.16103	-77.6109219	3196_2457
657915916806660096	43.16103	-77.6109219	3196_2457
657912263744036864	43.16103	-77.6109219	3196_2457
657999913842819072	-29.8586804	31.0218404	1443_5065
658005284024131584	32.8370727	-97.0819541	2948_1990
658018790467325952	21.4278807	-158.1790012	2674_524
658013336005537792	32.8370727	-97.0819541	2948_1990
658010123747495936	43.16103	-77.6109219	3196_2457
658020270460960768	21.4278807	-158.1790012	2674_524
658067520855773184	35.059128	-85.0326319	3001_2279
658059628438122496	37.09024	-95.712891	3050_2023
658059112467443712	29.7604267	-95.3698028	2874_2031
657753644662726656	43.16103	-77.6109219	3196_2457
657896457370910720	31.9685988	-99.9018131	2927_1922
657891247911112704	52.3758916	9.7320104	3417_4554
657895186991747072	31.9685988	-99.9018131	2927_1922
657780598375907329	33.9580689	-118.0595111	2975_1487
657773521192398848	32.7766642	-96.7969879	2947_1997
657923136759836676	-37.9958297	175.2034588	1248_8525
657921954700136448	50.998115	-118.195672	3384_1483
657882790545920002	31.9685988	-99.9018131	2927_1922
657941352362065920	47.6919008	-95.4311233	3305_2030
657935939776434176	43.16103	-77.6109219	3196_2457
657723208007716864	43.16103	-77.6109219	3196_2457
657791182668304384	32.0954304	-96.4688727	2930_2005
658047351408295936	-37.9958297	175.2034588	1248_8525
657717275496046593	18.012322	-76.8933577	2592_2475
657715001319288832	50.6765413	-113.8794464	3376_1587
657955100883877888	32.0954304	-96.4688727	2930_2005
653318741615345664	41.0111103	-95.8808424	3144_2019
653153889668231168	26.0667	50.5577	2786_5533
653208170618204160	35.8108439	51.4652404	3019_5555
653304165159051265	50.0331226	-125.2733354	3361_1313
653345242146566144	27.8875444	-82.5064977	2829_2340
653356489818566656	41.0111103	-95.8808424	3144_2019
653354224269438976	46.8266603	-100.8895761	3284_1899
653357286119731200	42.8949969	-123.2385298	3189_1362
653056019862437888	33.9692051	-78.2809532	2975_2441
653043496043986946	-40.4725002	175.2857791	1189_8527
653258125819023360	39.1318358	-77.7617884	3099_2454
653217255627616256	45.127216	-75.945734	3243_2497
653086956121776128	42.3736158	-71.1097335	3177_2613
658750593087868928	37.09024	-95.712891	3050_2023
658764681755107328	44.786568	20.4489216	3235_4811
658751357789347842	29.8528508	-91.5476349	2876_2123
658563278566739968	33.2427243	75.2391588	2958_6126
658638550691422208	30.375321	69.345116	2889_5984
658734014811934720	46.0142172	-86.3854347	3264_2247
658731221866954752	40.4172871	-82.907123	3130_2330
658742201321672704	35.5950581	-82.5514869	3014_2339
658748712953344000	42.8949969	-123.2385298	3189_1362
658740050121859072	37.09024	-95.712891	3050_2023
658744282673750017	40.9478158	-90.3712395	3143_2151
658791524533047296	42.3736158	-71.1097335	3177_2613
658482003130585088	36.3462205	-83.3014239	3032_2321
658625751525232642	35.2052845	-87.0353743	3005_2231
658622344856924160	36.2853705	-91.1979891	3031_2131
658617522019807232	42.7929851	-82.126725	3187_2349
658617456496238592	21.1250077	-101.6859605	2667_1880
658504262297612288	34.1255413	74.9442585	2979_6119
658695428091858944	44.0682019	-114.7420408	3218_1566
658653251747745792	53.0222045	-112.8285983	3433_1612
658654891309711360	34.4198488	70.4729434	2986_6011
658650101095624705	48.2329668	-101.2922906	3318_1889
658657222516314112	38.232417	-122.6366524	3078_1377
658607979390898176	43.6187102	-116.2146068	3207_1531
658598950887424000	36.8812996	-90.3948285	3045_2151
658607047018196993	None	None	None
658599212192538624	29.3791112	-90.2600786	2865_2154
658604201833013248	35.8240265	-80.2533838	3020_2394
658671957085286400	None	None	None
658672553393823744	37.5402587	-85.769407	3061_2262
658542672676700160	-31.8671381	115.8956025	1395_7101
658456655810596868	None	None	None
658457185744130049	21.1250077	-101.6859605	2667_1880
658716178119049216	51.7520209	-1.2577263	3402_4290
658510055973613568	34.0836708	74.7972825	2978_6115
658514887191187456	None	None	None
658519089854349312	43.9653889	-70.8226541	3215_2620
658518551792324608	38.2507682	-81.1927773	3078_2371
658521293713637377	43.9653889	-70.8226541	3215_2620
658470823401918464	45.4527929	-95.0028002	3251_2040
658469256787394562	44.059187	-79.461256	3217_2413
658572598318465024	-31.8671381	115.8956025	1395_7101
658570703269003264	33.6717292	74.6664762	2968_6112
658779624705499136	42.3736158	-71.1097335	3177_2613
658771841234812928	28.5494447	-81.7728543	2845_2357
658768577130991616	36.0205207	-120.9051826	3024_1418
658436691615682560	40.2731911	-76.8867008	3127_2475
658444581894254592	37.09024	-95.712891	3050_2023
658443032723779585	38.2507682	-81.1927773	3078_2371
658526504154873856	33.6717292	74.6664762	2968_6112
658533610367004672	38.2507682	-81.1927773	3078_2371
658524935334178816	33.6717292	74.6664762	2968_6112
658531323796000768	33.6717292	74.6664762	2968_6112
658675964810014721	48.2329668	-101.2922906	3318_1889
658675419881738240	8.6704382	-74.0300122	2368_2543
658675057170976768	48.4619672	-123.3691808	3323_1359
658687061512183808	21.4278807	-158.1790012	2674_524
654766462742081545	42.2043562	-91.5316272	3173_2123
654581154205577216	50.990226	-4.479349	3384_4212
654576959612043264	-43.1636989	146.9272425	1124_7846
654656976543027201	42.0803479	-88.2119219	3170_2203
654654770276204548	49.9391177	-96.8425801	3359_1996
654646030579838977	34.8969572	-81.2431073	2998_2370
654645886614700032	34.8969572	-81.2431073	2998_2370
654653970510548992	52.1872472	0.9707801	3412_4343
654645317875421184	-26.1075663	28.0567007	1533_4993
654749988619055105	38.7148624	-77.1384428	3089_2469
654799708448145408	35.23816	-118.634703	3006_1473
654499325062463489	37.5482697	-121.9885719	3061_1392
654499189016006656	-43.1636989	146.9272425	1124_7846
654495340289261573	-26.1000583	28.0640119	1534_4994
654501818760728576	-43.1636989	146.9272425	1124_7846
654493128641114112	-26.1000583	28.0640119	1534_4994
654493124262125568	40.8300463	-79.8102941	3140_2405
654637355886706688	-43.1636989	146.9272425	1124_7846
654640702203240448	-26.1075663	28.0567007	1533_4993
654507747552161792	-28.5374855	31.0249093	1475_5065
654515493852815360	-26.2041028	28.0473051	1531_4993
654507064878845952	-26.2041028	28.0473051	1531_4993
654515232753209344	28.105592	-82.679343	2835_2336
654511121685172224	39.9090323	-78.0101616	3118_2448
654706357979877376	51.0747378	-115.3599592	3386_1551
654703411699412992	26.259144	-80.248348	2790_2394
654671841965928448	49.72373	-88.6145298	3353_2193
654660253687001088	-26.2041028	28.0473051	1531_4993
654619300846632960	31.628871	65.7371749	2919_5898
654615001878110209	-26.1352613	28.0671092	1533_4994
654685166145671168	35.7513983	-109.8478915	3018_1684
654557675427102720	-26.1352613	28.0671092	1533_4994
654558398533533696	-26.2041028	28.0473051	1531_4993
654563526825132032	-26.2041028	28.0473051	1531_4993
654529362981580800	-43.1636989	146.9272425	1124_7846
654536093702885377	-28.1797043	151.8236128	1484_7964
654524019803197440	37.5482697	-121.9885719	3061_1392
654527286679465984	-43.1636989	146.9272425	1124_7846
654591357139324928	-43.1636989	146.9272425	1124_7846
654454158813073408	-36.913473	174.8624407	1274_8517
654541626786869248	-26.2041028	28.0473051	1531_4993
654537378913062913	-26.2041028	28.0473051	1531_4993
654546742365437952	34.3513494	68.2385339	2984_5958
654694629380505607	25.7616798	-80.1917902	2778_2395
654697754799702018	-43.1636989	146.9272425	1124_7846
654699038185402368	None	None	None
660200390093242368	40.6331249	-89.3985283	3135_2174
660205204822999040	52.3226928	-2.0068986	3416_4272
660210083331096577	31.9685988	-99.9018131	2927_1922
660206428829782016	40.6806563	-73.4742914	3136_2557
660040397415186433	44.687751	-63.877752	3233_2787
660085014936182785	38.4666762	-120.3719675	3083_1431
660180302887718912	32.7766642	-96.7969879	2947_1997
660186132529958917	52.335589	-2.061906	3416_4271
660187477622190080	30.796167	-97.42285	2899_1982
660238525367914496	37.09024	-95.712891	3050_2023
659936778669809665	45.2553222	16.5300068	3246_4717
660070096585564160	38.8858407	-94.5330096	3093_2051
660075815175106560	53.72702	-1.85754	3449_4275
660093927446487040	30.229451	-85.8879934	2886_2259
660052345099825152	32.7766642	-96.7969879	2947_1997
660052094968197120	44.6819866	-63.744311	3232_2790
660109875066875904	-1.2920659	36.8219462	2129_5204
660158030860955648	52.335589	-2.061906	3416_4271
660167833880387585	37.5943781	-121.8885683	3062_1395
660164747187195904	29.8832749	-97.9413941	2877_1969
660163506835095552	29.8832749	-97.9413941	2877_1969
660158353453293568	52.3134392	-1.990476	3416_4272
659920149575802881	22.202785	-159.4081003	2693_494
660030424144547841	44.651121	-63.908526	3232_2786
660219442651987969	29.8832749	-97.9413941	2877_1969
660225542726242304	40.4531318	-101.6157773	3131_1881
659893237952458752	19.5529437	-155.9351644	2629_578
651868765022461953	31.2569281	-90.4982789	2910_2148
651867217575866368	37.0243476	-122.0377038	3049_1391
651707478669983744	34.5598223	-92.5932831	2989_2098
651703586544615424	41.2059466	-76.5961134	3149_2482
651673517683961856	-37.8231277	147.4350336	1252_7858
651758101503172608	39.697399	-83.8897057	3113_2307
651744041227407360	37.09024	-95.712891	3050_2023
651848687229005824	41.7637111	-72.6850932	3162_2576
651848330595577856	18.012322	-76.8933577	2592_2475
651849262695907329	44.027727	4.934659	3217_4438
651850994779709440	-43.5878883	171.740504	1114_8442
651854189065277440	18.012322	-76.8933577	2592_2475
651902234700185600	37.09024	-95.712891	3050_2023
651908973193400320	32.2987573	-90.1848103	2935_2156
651897109470425089	41.7637111	-72.6850932	3162_2576
651597095388884992	38.2493581	-122.0399663	3078_1391
651602333290201088	37.912636	-98.967389	3070_1945
651730588911579136	19.6456682	-156.0009313	2631_576
651733861576114177	22.5009081	114.1558258	2700_7060
651613341375426560	-37.0563701	142.7804418	1271_7747
651807087266168832	41.2958751	-86.6250139	3151_2241
651808436120875009	22.220422	114.2126685	2693_7061
651805619327004672	19.0608649	72.8345891	2617_6068
651762181789212672	39.697399	-83.8897057	3113_2307
651721430103654400	39.6620397	-75.5668166	3112_2506
651577631159140352	47.6062095	-122.3320708	3303_1384
651570411105333248	21.5927614	-158.1034112	2678_526
651637236664918016	-37.0615806	142.7666809	1271_7746
651631084980043776	35.3164511	-79.7310064	3008_2406
651636068517724164	-34.8489069	149.5225957	1324_7909
651592626378960896	-37.0615806	142.7666809	1271_7746
651687565112664064	-17.8479183	122.5004091	1732_7260
651880435429961728	44.027727	4.934659	3217_4438
651548299040825344	19.6456682	-156.0009313	2631_576
651556447180886016	43.0759678	-107.2902839	3194_1745
651561243564601344	40.7670427	-72.9962189	3138_2568
651550417562669056	19.6456682	-156.0009313	2631_576
651799961324122113	45.1084567	-68.6274986	3243_2673
649694569517309952	-28.1804631	151.6380578	1484_7959
649527477623132160	-20.7043534	140.505613	1663_7692
649505971098619904	38.9767529	-77.0795953	3095_2470
649576210389934080	64.2008413	-149.4936733	3701_732
649571033515581441	40.7607793	-111.8910474	3138_1635
649728006194204672	-28.1804631	151.6380578	1484_7959
649631403160657920	49.863612	-119.5644584	3357_1450
649640648086298624	49.863612	-119.5644584	3357_1450
649607842723418112	51.0486151	-114.0708459	3385_1582
649604975606267905	47.6397087	-97.4534223	3303_1981
649405171726872576	39.6865795	-86.0843496	3112_2254
649706322825383936	-31.8528871	115.8131306	1396_7100
649718164373135360	21.3694994	-157.8322823	2673_532
649619074440257537	37.4849377	-119.9662843	3060_1441
649625226268045312	49.863612	-119.5644584	3357_1450
649623911991132160	43.94236	12.457777	3215_4619
649617502624837633	37.4849377	-119.9662843	3060_1441
655695190246580224	38.8402805	-97.6114237	3092_1977
655738214641246209	36.1699412	-115.1398296	3028_1557
655846046778589184	37.09024	-95.712891	3050_2023
655884034547953664	37.09024	-95.712891	3050_2023
655607776194920448	40.0149856	-105.2705456	3120_1794
655601717262860288	21.3696431	-157.7855378	2673_533
655748732764291073	34.0522342	-118.2436849	2977_1482
655550123770966016	36.778261	-119.4179324	3043_1454
655809041701195776	38.3565773	-121.9877444	3081_1392
655572072899461120	34.0522265	-118.2436596	2977_1482
655534681006411776	36.778261	-119.4179324	3043_1454
655787104786448384	35.4675602	-97.5164276	3011_1980
655781558574419968	30.8431226	-88.6723578	2900_2192
651146560571441152	38.9108325	-75.5276699	3094_2507
651154113703481344	39.5137752	-121.556359	3108_1403
651140378968461313	43.0759678	-107.2902839	3194_1745
651143903765098496	33.4918203	-80.8556476	2964_2379
650978022904975360	39.1197414	-122.2204186	3099_1387
650979606195900416	6.0382659	80.3909164	2305_6249
650955358526173185	-29.7400389	30.9818962	1446_5064
651031600340164614	40.7127837	-74.0059413	3137_2544
651031489983852544	40.7127837	-74.0059413	3137_2544
651031350980415488	37.8797258	15.3066649	3069_4687
651111769495179264	39.1040645	-122.2653887	3098_1386
651139009834434561	43.6770252	-70.3711617	3208_2631
651125175837048832	43.0759678	-107.2902839	3194_1745
651130207626096640	39.5137752	-121.556359	3108_1403
651177063068467200	52.633584	-1.691032	3423_4279
651181412448505859	-34.8489069	149.5225957	1324_7909
651015981502849024	6.0382659	80.3909164	2305_6249
651014618828140544	38.8422823	-85.1007858	3092_2278
651014964136644608	35.0886963	-92.4421011	3002_2101
651084212678852608	49.7702994	-119.7407899	3354_1446
651088679092535296	49.091958	1.488107	3338_4356
651042702868418560	32.0717135	-106.6241852	2930_1761
650990574942687235	37.351273	-77.6268959	3056_2457
650991713675288576	41.3592272	-85.519399	3153_2268
651053211432816641	37.09024	-95.712891	3050_2023
651051319269175297	37.422846	-122.1476966	3058_1388
651062872735391744	55.62955	9.20105	3495_4541
650939960145502208	-31.8599324	115.8096556	1395_7099
650843070368366595	35.8362494	-96.3226072	3020_2008
650840301754433536	44.027727	4.934659	3217_4438
651101618893557760	38.0405837	-84.5037164	3073_2292
651100304327487488	39.6253952	-121.5370003	3111_1403
651107760915001344	38.2280538	-85.6031937	3077_2266
650907133685313536	-36.9354033	141.633742	1274_7719
650912867961565184	None	None	None
650859991348342784	29.7604267	-95.3698028	2874_2031
650867704899878912	32.7819672	-80.1959007	2947_2395
651163777405030400	-29.707403	151.7437537	1447_7962
651169489342480384	32.7764749	-79.9310512	2947_2402
651159969509736452	52.633584	-1.691032	3423_4279
650835886943277056	39.761424	117.006093	3114_7128
650925629060313088	28.5014038	77.3203942	2844_6176
650913819598942208	53.9031316	-0.9617854	3454_4297
651070452878712832	38.0405837	-84.5037164	3073_2292
659119607811325952	43.9446114	-79.3668992	3215_2415
659126563678515200	43.9705861	-79.2442842	3215_2418
659126550793588736	43.9705861	-79.2442842	3215_2418
659113208331042816	43.9446114	-79.3668992	3215_2415
659115472403632128	38.952819	-91.9390674	3095_2113
659123985976721408	52.056736	1.14822	3409_4348
659122319525212160	-27.5975531	152.7454998	1498_7986
659114804955783168	43.9154808	-79.3246731	3214_2416
658949793629216768	49.091958	1.488107	3338_4356
658994515341021185	33.2688235	-87.6663026	2958_2216
658994388245348352	32.0002152	-80.845666	2928_2380
658999506793549824	44.6059438	-80.5936871	3231_2386
659084338810634240	49.0743308	-122.5593218	3338_1379
659095788790878208	53.264204	-2.583873	3438_4258
659097974027460612	32.0002152	-80.845666	2928_2380
658851139023040513	37.09024	-95.712891	3050_2023
658987249900634112	28.226476	-81.2955764	2837_2369
658979839517442049	37.793737	-81.0743513	3067_2374
658991502375256065	40.9788068	-74.5398507	3143_2531
658982622467502080	28.226476	-81.2955764	2837_2369
659012509421162496	32.8872094	13.1913383	2949_4637
659007131660648449	42.799814	-72.016756	3187_2592
659015937287397377	44.5690305	-80.9405602	3230_2377
658972005631266817	-42.8819032	147.3238148	1131_7856
658961788860506112	43.6553479	-79.8137344	3208_2404
658961962064334848	30.0665907	-90.4800848	2882_2148
659026364180230144	38.6501155	-90.2408846	3088_2154
659027298356625408	39.8558488	-74.6868815	3117_2528
659022213182455808	34.7395701	-82.0370466	2994_2351
658914799405764608	-42.8819032	147.3238148	1131_7856
658819665037148161	49.1044302	-122.801094	3339_1373
659071809170464769	30.6020863	-97.5078427	2894_1980
659071659639468032	41.2978299	-83.6699339	3151_2312
659128394676838400	42.3370413	-71.2092214	3176_2611
659140244755759104	-27.5640528	152.8253284	1498_7988
658807277269463040	49.1044302	-122.801094	3339_1373
658808294690148352	39.9000639	-82.534048	3118_2339
659050707895488512	44.5690305	-80.9405602	3230_2377
659037972067700736	-30.6902208	115.1592526	1423_7084
649858002774700032	38.5749261	-90.3772761	3086_2151
650030742383136769	64.2008413	-149.4936733	3701_732
650046006013337600	33.9196567	-78.9288242	2974_2426
650089255402909700	34.8959276	35.8866517	2998_5181
650085873350868992	49.6506376	-125.4493906	3352_1309
650090918377209856	35.2194549	-75.6903492	3005_2503
650093216990109699	-34.7548346	149.7186486	1326_7913
650086229502001152	35.1146152	-75.9810097	3003_2496
649782991951020033	-33.7661974	150.8167644	1350_7940
649920657917112320	32.8140177	-96.9488945	2948_1993
649930158804041731	43.7963533	-71.0128004	3211_2616
649809967118184448	-40.9891512	145.7277863	1176_7817
649993888296488964	37.09024	-95.712891	3050_2023
649996485145305088	37.5407246	-77.4360481	3061_2462
649916336546562049	33.1418611	-97.179026	2955_1988
649970765736083456	37.5202145	-122.2758008	3060_1385
649976632929742848	33.9288969	-84.2367742	2974_2298
649974718255095808	44.8619645	-93.5323103	3237_2075
649754932090945536	None	None	None
649762707218935808	38.8061315	-81.442057	3091_2365
649758390164529152	-31.8528871	115.8131306	1396_7100
650013899677274112	37.09024	-95.712891	3050_2023
650014812143943681	32.078611	-114.9649999	2930_1561
650018906673926144	41.8780025	-93.097702	3165_2086
649771916698382336	37.4849377	-119.9662843	3060_1441
650076373948563456	39.9611755	-82.9987942	3119_2328
650068502536187904	33.8732279	-78.6141798	2973_2433
650079943196479488	32.1656221	-82.9000751	2932_2330
650080956263501824	41.6845984	-73.9300418	3160_2546
650068759911116800	21.3069444	-157.8583333	2671_531
649746813155713024	-28.1804631	151.6380578	1484_7959
649837733461028864	-32.6288643	115.8749136	1377_7101
649977338688618496	41.8622038	-74.7245457	3165_2527
649977564300099584	41.8622038	-74.7245457	3165_2527
649982664720560129	37.5202145	-122.2758008	3060_1385
649988251080650752	33.6269098	-85.1792304	2967_2276
649990067813904384	32.078611	-114.9649999	2930_1561
652423280532434946	-32.0300168	115.8901797	1391_7101
652394735873695744	31.985819	-86.5859364	2928_2242
652469546377281536	33.5453196	-117.6675405	2965_1496
652575655805108225	34.587948	-118.674879	2990_1472
652629901082816513	42.3265152	-122.8755949	3176_1371
652321519784325120	48.1126583	-115.8268933	3315_1540
652462152414990336	41.5115473	-83.827176	3156_2308
652459937516400640	53.193392	-2.893075	3437_4251
652467057611554816	35.0333115	-118.168774	3001_1484
652461631964770304	28.6160385	-100.3864537	2847_1911
652464919263223808	43.4129238	-80.4771472	3202_2389
652457592669663233	39.5500507	-105.7820674	3109_1781
652340754950569984	48.1083352	-115.8187936	3315_1540
652533377203998720	42.3736158	-71.1097335	3177_2613
652541942291673088	34.9590397	-78.7627746	2999_2430
652441540250333184	41.4570108	-72.8230736	3155_2572
652512977841692672	41.6032207	-73.087749	3158_2566
652512113106141184	34.9495672	-81.9320482	2999_2354
652508799824195584	34.9495672	-81.9320482	2999_2354
652307516521492480	48.1126583	-115.8268933	3315_1540
652273101112262656	28.0186323	-82.1128641	2832_2349
657181227724775424	52.3314138	6.6574188	3416_4480
657282847863107584	43.16103	-77.6109219	3196_2457
657337729185927168	44.6688524	-90.1717987	3232_2156
657170943723175936	40.5695474	-74.6329363	3134_2529
657174745536950272	52.3314138	6.6574188	3416_4480
657244557575192576	39.6296191	-106.0712941	3111_1774
657240285227814912	39.011902	-98.4842465	3096_1956
657206683236589568	41.7342583	-85.8853795	3162_2259
657202796291198977	34.0259216	-118.7797571	2977_1469
657217798033141760	42.8780597	-113.8890517	3189_1587
657261786794561536	41.9489159	-88.4778586	3167_2197
657267295455203328	21.3268231	-157.8772681	2672_531
657066312766763008	33.778175	76.5761714	2971_6158
657327688378519552	-37.9026094	145.0189024	1250_7800
657230198887337984	39.6893969	-82.0625052	3113_2350
651510759357153280	40.7670427	-72.9962189	3138_2568
651504270974562304	19.5997535	-155.9601765	2630_577
651515765905035264	36.5200843	-82.7421543	3036_2334
651508033621786626	53.8287226	-112.117985	3452_1629
651505189275500546	39.0988022	-84.6649467	3098_2288
651502510646132736	19.5997535	-155.9601765	2630_577
651513705109172224	19.6641229	-155.9817137	2632_576
651505605954285568	53.8287226	-112.117985	3452_1629
651509896735649792	53.8287226	-112.117985	3452_1629
651511458136633344	36.5200843	-82.7421543	3036_2334
651505759033790464	40.7670427	-72.9962189	3138_2568
651508464393527305	19.6456682	-156.0009313	2631_576
651515332595724288	40.7670427	-72.9962189	3138_2568
651320802944679936	-29.8586804	31.0218404	1443_5065
651394315370020864	29.7946641	-98.7319703	2875_1950
651474930253479936	-38.926151	177.7808902	1226_8587
651483508804841473	52.1872472	0.9707801	3412_4343
651475499303067648	-38.007228	177.2871279	1248_8575
651478866171699201	40.7670427	-72.9962189	3138_2568
651496860180434944	40.7670427	-72.9962189	3138_2568
651496799685885952	40.7670427	-72.9962189	3138_2568
651492599295950849	53.8287226	-112.117985	3452_1629
651493298998255616	37.09024	-95.712891	3050_2023
651496564318466048	27.9965816	-82.554389	2832_2339
651489843705307136	42.9405849	-78.8072295	3191_2429
651539583579066368	32.7177248	-80.0646682	2945_2398
651532924831973378	53.8287226	-112.117985	3452_1629
651537482727694336	41.1953739	-73.4378988	3149_2557
651543697818038272	30.6917224	-91.469997	2897_2125
651234493609701376	-21.161474	149.0688229	1652_7898
651232732559863809	49.8854298	-96.7234815	3357_1999
651376470556823552	39.1200418	-88.5433829	3099_2195
651246525301915648	-34.8489069	149.5225957	1324_7909
651247876853465090	-21.161474	149.0688229	1652_7898
651443416711188480	37.09024	-95.712891	3050_2023
651403128613568516	40.7399249	115.8198167	3138_7100
651399651615207424	40.8033875	-85.8486236	3139_2260
651406586137677824	41.1953739	-73.4378988	3149_2557
651353362458406912	56.26392	9.501785	3510_4548
651364738622881792	34.1831037	-81.7011053	2980_2359
651356227834933248	39.1200418	-88.5433829	3099_2195
651411728421359617	64.9022707	-164.9982382	3718_360
651292914065125377	49.1658836	-123.9400647	3340_1345
651468319841644544	21.3696431	-157.7855378	2673_533
651226281854435328	49.8854298	-96.7234815	3357_1999
651525630379470848	19.5997535	-155.9601765	2630_577
651523203915993088	19.639994	-155.9969261	2631_576
651529550048964608	19.5997535	-155.9601765	2630_577
651520781759979520	45.6387281	-122.6614861	3255_1376
651527493330038784	53.8287226	-112.117985	3452_1629
651530506501132288	45.6387281	-122.6614861	3255_1376
651185993005928448	40.9378777	-72.3009158	3143_2585
651187412492660736	40.9378777	-72.3009158	3143_2585
651435455196602368	38.6769945	-86.9141695	3088_2234
651438089500409856	38.6769945	-86.9141695	3088_2234
655134258709684224	21.3069444	-157.8583333	2671_531
655138668227641344	42.4387018	-71.3401284	3179_2608
654973755983286272	38.9071923	-77.0368707	3094_2471
655017338119569408	32.8949828	-97.2577665	2949_1986
655096140510072832	38.4087993	-121.3716178	3082_1407
655104944396218368	34.0309942	-118.3714382	2977_1479
655110869563539456	19.85627	102.495496	2637_6780
655108913822482432	29.7076497	-95.1858306	2873_2036
655098300987629568	38.1040864	-122.2566367	3074_1386
655115646418587648	21.3505091	-157.8239241	2672_532
655121502266925056	39.9206958	-104.8882016	3118_1803
655117990887690240	35.0505032	-82.1077443	3001_2349
655117873141039104	35.9606384	-83.9207392	3023_2306
655157048267550720	38.9481366	-81.7609646	3095_2358
655169662980788225	51.062883	-0.325858	3386_4312
655156814971994112	38.9087197	-79.7097836	3094_2407
654858650255659008	35.1321877	-118.4489739	3003_1477
654996674394193921	36.8011836	-94.9269037	3043_2042
654991524376219648	43.16103	-77.6109219	3196_2457
654877315248189440	35.0524699	-118.1739645	3001_1484
655075256223272962	34.0514898	-84.0712997	2977_2302
655069815883833344	36.778261	-119.4179324	3043_1454
655075204981350401	35.0524699	-118.1739645	3001_1484
655032580052504576	38.1118831	-122.2723155	3075_1385
654982455636590592	36.778261	-119.4179324	3043_1454
654986466171334656	34.3916641	-118.542586	2985_1475
655046820163268608	36.778261	-119.4179324	3043_1454
655041734456381440	34.4480495	-119.242889	2987_1458
654825955391840256	37.8372167	-76.9305815	3068_2474
655084272429199361	49.744546	-97.777726	3354_1973
655093343307853824	35.0524699	-118.1739645	3001_1484
655093882506604544	49.744546	-97.777726	3354_1973
654894045752258560	-43.1636989	146.9272425	1124_7846
654954444845486080	-43.1636989	146.9272425	1124_7846
655152758375522304	34.5945446	-112.4573752	2990_1621
655150226286747648	-36.9259109	142.3581291	1274_7737
654818549907615745	-43.1636989	146.9272425	1124_7846
654819497338122240	38.7148624	-77.1384428	3089_2469
654812745351598084	43.5172423	-116.6676638	3204_1520
654909231477362688	34.0522342	-118.2436849	2977_1482
654909536222904320	35.3732921	-119.0187125	3009_1464
654906545470373888	40.4172871	-82.907123	3130_2330
656780873698639872	27.1766701	78.0080745	2812_6192
656781935608512512	43.060842	-88.4037079	3193_2198
656781470493712384	27.1766701	78.0080745	2812_6192
656745492169142272	28.3421598	77.3255963	2840_6176
656744912675704832	28.4089123	77.3177894	2842_6176
656743682612178945	28.3421598	77.3255963	2840_6176
656749402300682240	20.593684	78.96288	2654_6215
656744073873625088	28.3421598	77.3255963	2840_6176
656819020860104704	27.1981434	78.0002356	2813_6192
656923693499686912	20.593684	78.96288	2654_6215
656678346298888194	42.2625932	-71.8022934	3174_2597
656668488526753792	-33.6728889	150.6153108	1352_7935
656806561571053568	28.4089123	77.3177894	2842_6176
656816393493565440	28.3421598	77.3255963	2840_6176
656814655780687872	27.1981434	78.0002356	2813_6192
656688427677552640	37.0423899	-99.9871051	3049_1920
656841682558709760	40.2671941	-86.1349019	3126_2253
656796683557171204	28.4089123	77.3177894	2842_6176
656801426744541184	27.1981434	78.0002356	2813_6192
656800049783967744	40.2671941	-86.1349019	3126_2253
656732828416143360	20.593684	78.96288	2654_6215
656732820929286145	20.593684	78.96288	2654_6215
652801961226432512	33.778175	76.5761714	2971_6158
652655056865460224	59.8819848	-136.709572	3597_1039
652039739432767488	36.9210459	-78.516891	3046_2436
652212034147254272	32.2857344	-81.9145655	2935_2354
652258579374829568	60.062806	-128.710913	3602_1231
651951671241756672	36.9210459	-78.516891	3046_2436
653790520955682816	51.420073	-1.727062	3394_4279
653800764658348032	51.420073	-1.727062	3394_4279
653765789951111168	46.3427269	-103.5982862	3272_1834
654061449954787328	-37.9026094	145.0189024	1250_7800
656212383073890304	41.5474602	-86.1732437	3157_2252
655938746034982912	49.2326494	-123.018797	3342_1368
656500112198381568	6.3159672	8.1274925	2312_4515
656354515726172160	20.593684	78.96288	2654_6215
656349710794387456	33.778175	76.5761714	2971_6158
656512632262893568	40.8814882	-74.113198	3141_2541
657697056060928000	16.5637153	120.3226266	2558_7208
657605756414468096	41.6366601	-87.4337552	3159_2222
657492614397063168	4.597479	101.090106	2270_6746
657360058196606976	34.4212052	-84.1190804	2986_2301
650143688518148096	44.6496868	-93.24272	3232_2082
650141160967696384	44.6496868	-93.24272	3232_2082
660291728797077504	37.5482697	-121.9885719	3061_1392
660577079646273537	42.3265152	-122.8755949	3176_1371
660250483706208256	37.9060368	-122.5449763	3070_1379
653516869102620672	33.4982289	67.7615983	2964_5946
653512725751054336	38.984652	-77.0947092	3096_2470
653480761551491073	-33.9627271	151.1334636	1345_7947
653487032853995521	33.4982289	67.7615983	2964_5946
653539365814075392	33.7834324	-86.0024703	2971_2256
653525648460267520	38.984652	-77.0947092	3096_2470
653477015492890624	34.5553494	69.207486	2989_5981
653467374297985024	31.6186429	65.7546348	2919_5898
653478780967747584	33.590244	-86.485395	2966_2244
653473119739506688	32.0947711	20.1879106	2930_4805
653496583422636032	31.628871	65.7371749	2919_5898
653696844430618629	-31.9390499	116.0125033	1393_7104
653366495301476353	37.09024	-95.712891	3050_2023
653368650871603200	-37.9874598	145.2148612	1248_7805
650764970536398848	51.3610403	-2.7252935	3393_4255
650523840209154048	33.6615575	-80.1161456	2968_2397
650722644208160768	33.6189101	-117.9289469	2967_1490
650801239924568066	42.3736158	-71.1097335	3177_2613
659678521183244288	38.9494825	-84.3936079	3095_2295
659726574967635968	38.344221	-90.3934532	3080_2151
659815251676819456	34.4513523	35.8427094	2987_5180
659825326126575616	42.2417675	-70.8036544	3174_2621
659868507132198912	-42.8227783	147.3176438	1132_7856
659707760683163648	34.802075	38.996815	2995_5256
659607828261412864	19.9783745	73.88601	2639_6093
655373709599870976	31.2240198	75.7708013	2909_6138
655344203480760320	31.1471305	75.3412179	2908_6128
655351252117663744	31.1471305	75.3412179	2908_6128
655342770761011200	31.1471305	75.3412179	2908_6128
655405365706817537	-1.0387569	37.0833753	2135_5210
654408259449843713	39.011902	-98.4842465	3096_1956
654379821296783360	44.0519587	-122.8951792	3217_1371
654397034246508544	37.09024	-95.712891	3050_2023
654138632245256192	36.9210459	-78.516891	3046_2436
654149416782159872	40.4328322	-80.0302417	3130_2399
654149767900102656	-1.283198	36.8162847	2129_5204
654298804007608320	30.4233964	-91.0863593	2890_2134
654260621115060224	31.628871	65.7371749	2919_5898
654261311551832064	31.8541561	-102.4101882	2924_1862
654113472393797632	36.9210459	-78.516891	3046_2436
654370811491389440	39.7284944	-121.8374777	3113_1396
654125086300086272	39.0558235	-95.6890185	3097_2023
658432336174911488	-37.5996875	144.2260544	1258_7781
658147055576023040	42.8949969	-123.2385298	3189_1362
659339258323271681	32.9581149	-96.7878225	2951_1997
659262076016304128	33.7293882	73.0931461	2970_6074
658013154912423936	28.675697	115.909228	2848_7102
653295112206872576	9.0764785	7.398574	2378_4498
653212855404261377	9.0764785	7.398574	2378_4498
653103814006861824	35.6473004	-120.5452043	3016_1427
653277822191013888	9.0764785	7.398574	2378_4498
658587083796123648	34.1677772	73.2244294	2980_6077
658633974894469120	34.1677772	73.2244294	2980_6077
658635986922901504	36.2661518	-94.479976	3030_2052
658727557404082176	32.7764749	-79.9310512	2947_2402
658748081278730240	-32.0988617	152.3794381	1390_7977
658615012542541824	35.8546284	74.4994517	3021_6108
658703576559038464	32.7764749	-79.9310512	2947_2402
658699887815491584	36.3008656	74.5991915	3031_6110
658672550298259456	34.860551	-81.9534815	2997_2353
658709437188718592	32.7764749	-79.9310512	2947_2402
658464407140220928	30.421309	-87.2169149	2890_2227
658569547025289216	34.1255413	74.9442585	2979_6119
658580213496983553	34.1677772	73.2244294	2980_6077
658528984200646660	32.7452748	-117.1292324	2946_1509
654638579608498176	38.3683018	-82.2463992	3081_2346
654640196470898694	32.9857275	-80.1098123	2952_2397
654519510557298689	39.2615606	-121.0160594	3102_1416
654469225285861377	37.1199852	-96.5027094	3051_2004
654535581716844544	32.3758672	75.5400687	2937_6133
654545207350857728	-33.9068713	151.0573131	1346_7945
660047973779394561	32.7766642	-96.7969879	2947_1997
660184344414265344	32.4247422	-81.6973735	2938_2359
660244518294409217	36.3064853	-95.7083154	3031_2023
660110727752065025	42.3600825	-71.0588801	3177_2615
660160812602884096	38.5815719	-121.4943996	3086_1404
660025013781798914	39.5251386	-76.1367406	3109_2493
660031212942061569	33.706199	69.3831079	2969_5985
651875100124385280	33.6890603	-78.8866943	2969_2427
651711264498958336	29.6516344	-82.3248262	2872_2344
651853400997556224	42.8949969	-123.2385298	3189_1362
651742434817212417	34.9674192	-94.7255679	2999_2047
651658642060640256	9.5835546	6.5463156	2390_4477
651891483340075008	36.862337	-76.4585288	3045_2485
651880117774471168	27.6648274	-81.5157535	2824_2364
651889235016876032	45.0585717	-93.4137831	3241_2078
649696422808301569	34.041247	-84.7681316	2977_2286
649529715103936513	27.9658533	-82.8001026	2831_2333
649494602219659264	42.3370413	-71.2092214	3176_2611
649681763061616641	44.4758825	-73.212072	3227_2563
649558283359924228	36.7285907	68.8680663	3041_5973
649489222160658432	36.7285907	68.8680663	3041_5973
649654335022891009	-27.5782463	152.7248149	1498_7985
649411402172661762	36.7285907	68.8680663	3041_5973
649513651943026689	-33.623661	151.1510303	1353_7948
655858467551363072	-33.795882	151.0137191	1349_7944
655663727275081728	21.1641205	75.3208107	2668_6128
655893941967912961	41.9361119	-87.9008016	3166_2210
655891986348556289	41.9361119	-87.9008016	3166_2210
655766008737624064	29.5319199	35.0060842	2869_5160
655621618257911808	28.6139391	77.2090212	2847_6173
655673472148832257	None	None	None
655680278547951616	34.1255413	74.9442585	2979_6119
655670209257172992	30.900965	75.8572758	2902_6141
651121366939275264	27.6386434	-80.3972736	2823_2390
651134671527383041	32.0315789	-110.9485417	2929_1657
651182216022618112	52.633584	-1.691032	3423_4279
651086477615497216	18.012322	-76.8933577	2592_2475
650859015522521089	-34.0118635	150.9861397	1344_7944
650921609834795008	15.8348049	74.4027294	2540_6106
651073304393064448	38.0405837	-84.5037164	3073_2292
651070133637480450	27.6648274	-81.5157535	2824_2364
651070452878712832	38.0405837	-84.5037164	3073_2292
651066875997237248	27.6648274	-81.5157535	2824_2364
659123992666615808	32.4646282	-80.7824012	2939_2381
658956523956236288	29.4086072	-81.2518833	2866_2370
658960803865956352	33.1217168	-80.3113976	2955_2393
658955606116708352	34.370291	-88.14607	2985_2204
658997039250829312	32.4798575	-86.3619163	2940_2247
658858437019877376	35.8546284	74.4994517	3021_6108
658863648736178176	17.385044	78.486671	2577_6204
658972933814136832	29.4086072	-81.2518833	2866_2370
658964676533874688	34.1595145	74.3587473	2980_6105
658976043257221120	33.1217168	-80.3113976	2955_2393
659026984413089792	40.2731911	-76.8867008	3127_2475
658909923607212032	34.1595145	74.3587473	2980_6105
658836910656253952	32.3997343	77.1485446	2938_6172
658799976038797312	42.8949969	-123.2385298	3189_1362
658809207387348992	17.1118998	79.663959	2571_6232
659048888884703232	35.86166	104.195397	3021_6821
659051201426817025	27.1355231	-80.179585	2811_2396
649892039878930432	28.5508262	-80.8700769	2845_2379
649865159201046528	38.5749261	-90.3772761	3086_2151
649856432259534848	-20.6130152	148.6613583	1665_7888
650038940179791876	33.5809988	-79.9889654	2966_2400
650090144364556288	38.5749261	-90.3772761	3086_2151
649958142789357569	-0.2577214	35.9914342	2154_5184
649976943727673344	43.216505	-123.3417381	3197_1360
649854145919217664	26.6671059	88.4188101	2800_6442
649817122399358976	-33.4340144	151.2963267	1358_7951
650070699738972160	38.9478267	-90.9181916	3095_2138
649748993430319105	-34.9740348	138.6730941	1321_7648
649750005889110016	38.8061315	-81.442057	3091_2365
649835103091200001	-17.5246806	146.0323287	1739_7825
652436525116846080	33.7306091	35.4547307	2970_5171
652566862295863296	30.2871509	-81.5133993	2887_2364
652444385011896321	33.7306091	35.4547307	2970_5171
652512113106141184	34.9495672	-81.9320482	2999_2354
652380700348256256	36.9210459	-78.516891	3046_2436
652299300521664512	49.095356	-122.6219742	3338_1377
652615978573021184	33.1028965	-86.7535975	2954_2238
657147476424663040	48.0285234	28.695935	3313_5009
657116825306529792	27.1981434	78.0002356	2813_6192
657173068792643584	52.0704978	4.3006999	3410_4423
657166245473587204	34.7802381	-84.892436	2995_2283
657167693125197825	34.2660473	-84.8150781	2982_2284
657173726983647233	33.6005783	-81.6035062	2966_2362
657168111192395776	33.360135	-80.6959648	2961_2383
657201493934809088	20.593684	78.96288	2654_6215
657012520234807296	20.593684	78.96288	2654_6215
657003745218269185	28.0836269	-80.6081089	2834_2385
657123719534542848	20.593684	78.96288	2654_6215
651387605053870084	44.2115171	-88.4621891	3221_2197
651478975504498688	47.5190855	-120.4733575	3300_1429
651473368567255040	29.9582611	-92.0359562	2879_2111
651373604421148673	43.6888516	-92.9793591	3209_2088
651327701710700544	32.7630282	12.7364962	2946_4626
655003041456766976	44.4309557	-86.0099351	3226_2256
655075412473749504	38.3507227	-121.3934324	3080_1407
655071623456948224	37.9100783	-122.0651819	3070_1390
654983932182589440	37.7328247	-78.7468216	3066_2430
655047808517406720	53.731448	-101.9784451	3450_1873
655046755432595457	30.1104947	-97.3152701	2883_1984
654921444502056960	35.872723	68.431008	3021_5962
655153218616500225	50.1163196	-122.9573563	3363_1369
654909304433176576	-1.0387569	37.0833753	2135_5210
